[[  [0,0,6,1],     [0,1,0,2],  [0,2,1,2],  [0,3,2,2],  [0,4,0,3],  [0,5,0,3],  [0,6,7,4],  [0,7,0,5],  [0,8,0,6],  [0,9,0,7]] ,
[   [1,0,0,1],     [1,1,0,1],  [1,2,0,8],  [1,3,0,9],  [1,4,0,9],  [1,5,4,4],  [1,6,0,4],  [1,7,3,4],  [1,8,0,6],  [1,9,3,6]] ,
[   [2,0,0,1],     [2,1,2,1],  [2,2,0,8],  [2,3,5,4],  [2,4,0,4],  [2,5,2,4],  [2,6,6,10], [2,7,0,11], [2,8,4,11], [2,9,0,11]] ,
[   [3,0,0,1],     [3,1,0,1],  [3,2,5,12], [3,3,4,12], [3,4,0,10], [3,5,3,10], [3,6,0,10], [3,7,0,13], [3,8,0,11], [3,9,0,14]] ,
[   [4,0,1,12],    [4,1,0,12], [4,2,0,12], [4,3,0,10], [4,4,0,10], [4,5,0,15], [4,6,2,15], [4,7,0,13], [4,8,4,14], [4,9,0,14]] ,
[   [5,0,0,16],    [5,1,2,17], [5,2,0,17], [5,3,5,17], [5,4,0,17], [5,5,0,18], [5,6,6,19], [5,7,5,14], [5,8,0,14], [5,9,0,20]] , 
[   [6,0,6,16],    [6,1,0,16], [6,2,5,16], [6,3,0,17], [6,4,0,18], [6,5,0,18], [6,6,4,19], [6,7,0,19], [6,8,2,14], [6,9,0,20]] ,
[   [7,0,0,16],    [7,1,3,16], [7,2,0,21], [7,3,4,21], [7,4,0,21], [7,5,1,19], [7,6,0,19], [7,7,0,19], [7,8,4,20], [7,9,0,20]] ,
[   [8,0,3,22],    [8,1,2,16], [8,2,0,21], [8,3,0,23], [8,4,0,21], [8,5,4,24], [8,6,2,19], [8,7,0,24], [8,8,0,20], [8,9,0,20]] ,
[   [9,0,2,22],    [9,1,0,22], [9,2,3,21], [9,3,0,23], [9,4,0,23], [9,5,2,24], [9,6,0,24], [9,7,1,24], [9,8,6,24], [9,9,1,20]] ]
